752
0 1 9.0 6.0
0 2 10.0 2.0
0 3 7.0 2.0
0 4 4.0 10.0
0 5 3.0 2.0
0 6 2.0 1.0
0 7 5.0 9.0
0 8 6.0 1.0
0 9 9.0 7.0
0 10 9.0 1.0
0 11 7.0 10.0
0 12 7.0 8.0
0 13 7.0 5.0
0 14 9.0 9.0
0 15 9.0 3.0
0 16 4.0 5.0
0 17 2.0 5.0
0 18 7.0 7.0
0 19 5.0 6.0
0 20 8.0 10.0
0 21 9.0 5.0
0 22 7.0 2.0
0 23 1.0 3.0
0 24 6.0 10.0
0 25 5.0 8.0
0 26 2.0 3.0
0 27 4.0 4.0
0 28 8.0 4.0
0 29 3.0 1.0
0 30 2.0 2.0
0 32 5.0 3.0
0 33 5.0 4.0
0 34 9.0 4.0
0 35 2.0 2.0
0 36 2.0 3.0
0 37 1.0 7.0
0 38 7.0 8.0
0 39 7.0 4.0
1 2 1.0 2.0
1 3 8.0 4.0
1 4 10.0 6.0
1 5 1.0 1.0
1 6 10.0 1.0
1 7 2.0 6.0
1 8 10.0 3.0
1 9 7.0 3.0
1 10 5.0 10.0
1 11 2.0 8.0
1 12 8.0 5.0
1 13 8.0 2.0
1 14 1.0 9.0
1 15 10.0 10.0
1 16 4.0 7.0
1 17 7.0 3.0
1 18 5.0 8.0
1 19 6.0 5.0
1 20 4.0 5.0
1 21 6.0 1.0
1 22 1.0 5.0
1 23 10.0 9.0
1 24 9.0 3.0
1 25 10.0 1.0
1 26 7.0 3.0
1 27 3.0 1.0
1 29 6.0 3.0
1 30 6.0 9.0
1 31 5.0 3.0
1 32 1.0 5.0
1 33 8.0 8.0
1 34 7.0 1.0
1 35 8.0 4.0
1 36 10.0 4.0
1 37 4.0 4.0
1 38 10.0 8.0
1 39 7.0 2.0
2 3 10.0 4.0
2 4 7.0 3.0
2 5 7.0 2.0
2 6 6.0 10.0
2 7 9.0 1.0
2 8 1.0 10.0
2 9 5.0 8.0
2 10 5.0 8.0
2 11 3.0 6.0
2 12 2.0 6.0
2 13 7.0 2.0
2 14 8.0 6.0
2 15 3.0 4.0
2 16 4.0 6.0
2 17 6.0 8.0
2 18 8.0 10.0
2 19 3.0 8.0
2 20 6.0 4.0
2 21 2.0 8.0
2 22 10.0 9.0
2 23 10.0 7.0
2 24 4.0 8.0
2 25 5.0 7.0
2 26 9.0 8.0
2 27 5.0 1.0
2 28 3.0 10.0
2 29 5.0 1.0
2 30 2.0 10.0
2 31 10.0 8.0
2 32 6.0 4.0
2 33 9.0 3.0
2 34 2.0 4.0
2 35 10.0 6.0
2 36 4.0 1.0
2 37 5.0 10.0
2 39 1.0 3.0
3 4 8.0 6.0
3 5 8.0 3.0
3 6 4.0 3.0
3 7 9.0 6.0
3 8 5.0 8.0
3 9 4.0 5.0
3 10 5.0 2.0
3 11 3.0 3.0
3 12 7.0 3.0
3 13 6.0 2.0
3 14 4.0 5.0
3 15 1.0 5.0
3 16 8.0 1.0
3 17 2.0 4.0
3 18 5.0 8.0
3 19 2.0 1.0
3 20 9.0 3.0
3 21 5.0 6.0
3 22 9.0 1.0
3 24 8.0 10.0
3 25 6.0 7.0
3 26 5.0 7.0
3 27 8.0 7.0
3 28 4.0 3.0
3 29 7.0 4.0
3 30 2.0 3.0
3 31 2.0 9.0
3 32 4.0 1.0
3 33 1.0 8.0
3 34 5.0 6.0
3 35 4.0 3.0
3 36 3.0 10.0
3 37 8.0 2.0
3 38 10.0 2.0
3 39 6.0 6.0
4 5 9.0 5.0
4 6 8.0 5.0
4 7 6.0 9.0
4 8 3.0 9.0
4 9 6.0 2.0
4 10 3.0 4.0
4 11 4.0 1.0
4 12 7.0 10.0
4 13 8.0 2.0
4 15 8.0 3.0
4 16 9.0 7.0
4 17 7.0 7.0
4 18 8.0 8.0
4 19 2.0 3.0
4 20 5.0 5.0
4 21 1.0 4.0
4 22 3.0 5.0
4 23 1.0 4.0
4 24 6.0 7.0
4 25 1.0 6.0
4 26 1.0 3.0
4 27 1.0 9.0
4 28 2.0 7.0
4 29 4.0 3.0
4 30 6.0 1.0
4 31 3.0 8.0
4 32 7.0 5.0
4 33 7.0 9.0
4 34 9.0 3.0
4 35 4.0 6.0
4 36 10.0 8.0
4 37 10.0 5.0
4 38 5.0 3.0
4 39 7.0 8.0
5 6 3.0 7.0
5 7 9.0 8.0
5 8 6.0 8.0
5 9 7.0 2.0
5 10 2.0 8.0
5 11 4.0 6.0
5 12 3.0 3.0
5 13 5.0 8.0
5 14 8.0 4.0
5 15 6.0 10.0
5 16 9.0 9.0
5 17 1.0 4.0
5 18 7.0 6.0
5 19 2.0 10.0
5 20 5.0 2.0
5 21 9.0 6.0
5 22 6.0 10.0
5 23 8.0 10.0
5 24 8.0 1.0
5 25 10.0 2.0
5 26 6.0 9.0
5 27 10.0 3.0
5 28 2.0 1.0
5 29 4.0 5.0
5 30 10.0 6.0
5 31 4.0 10.0
5 32 1.0 4.0
5 34 5.0 2.0
5 35 7.0 3.0
5 36 8.0 4.0
5 37 1.0 2.0
5 38 1.0 5.0
5 39 7.0 9.0
6 7 6.0 1.0
6 8 5.0 9.0
6 10 1.0 3.0
6 11 2.0 5.0
6 12 1.0 7.0
6 13 3.0 8.0
6 14 3.0 5.0
6 15 5.0 7.0
6 16 2.0 1.0
6 17 9.0 4.0
6 18 8.0 4.0
6 19 7.0 1.0
6 20 2.0 6.0
6 21 10.0 10.0
6 22 9.0 1.0
6 23 3.0 5.0
6 24 1.0 9.0
6 25 8.0 7.0
6 26 2.0 1.0
6 27 1.0 6.0
6 28 3.0 3.0
6 29 2.0 2.0
6 30 6.0 1.0
6 31 5.0 8.0
6 32 1.0 4.0
6 33 3.0 1.0
6 34 6.0 6.0
6 35 10.0 10.0
6 36 7.0 3.0
6 37 9.0 6.0
6 38 8.0 5.0
6 39 8.0 4.0
7 8 10.0 8.0
7 9 10.0 3.0
7 10 1.0 8.0
7 11 4.0 6.0
7 12 3.0 7.0
7 13 2.0 2.0
7 14 2.0 10.0
7 15 8.0 5.0
7 16 10.0 1.0
7 17 1.0 9.0
7 18 2.0 9.0
7 19 5.0 4.0
7 20 4.0 10.0
7 21 2.0 8.0
7 22 2.0 5.0
7 23 6.0 4.0
7 24 5.0 10.0
7 25 9.0 5.0
7 26 1.0 5.0
7 27 5.0 5.0
7 28 9.0 6.0
7 29 4.0 8.0
7 30 1.0 7.0
7 31 5.0 1.0
7 32 3.0 5.0
7 33 1.0 1.0
7 35 4.0 1.0
7 36 4.0 10.0
7 37 6.0 9.0
7 38 8.0 5.0
7 39 9.0 5.0
8 9 2.0 1.0
8 10 2.0 5.0
8 11 9.0 4.0
8 12 1.0 9.0
8 13 1.0 9.0
8 14 7.0 9.0
8 15 3.0 5.0
8 16 10.0 4.0
8 17 2.0 1.0
8 18 9.0 4.0
8 19 9.0 4.0
8 20 4.0 8.0
8 21 1.0 5.0
8 22 2.0 1.0
8 23 8.0 4.0
8 24 6.0 10.0
8 25 1.0 9.0
8 26 5.0 1.0
8 27 2.0 3.0
8 28 8.0 4.0
8 29 9.0 8.0
8 30 5.0 2.0
8 31 8.0 4.0
8 32 9.0 7.0
8 33 7.0 2.0
8 34 9.0 5.0
8 35 8.0 1.0
8 36 4.0 8.0
8 37 9.0 10.0
8 38 7.0 2.0
9 10 1.0 3.0
9 11 1.0 6.0
9 12 6.0 1.0
9 13 4.0 10.0
9 14 3.0 6.0
9 15 6.0 6.0
9 16 8.0 8.0
9 17 10.0 2.0
9 18 4.0 8.0
9 19 8.0 6.0
9 20 3.0 5.0
9 21 6.0 7.0
9 22 6.0 2.0
9 23 3.0 4.0
9 24 8.0 9.0
9 25 4.0 5.0
9 26 4.0 2.0
9 27 4.0 8.0
9 28 3.0 1.0
9 29 6.0 10.0
9 30 10.0 7.0
9 31 9.0 10.0
9 32 10.0 10.0
9 33 3.0 10.0
9 34 3.0 3.0
9 35 4.0 6.0
9 36 3.0 6.0
9 37 9.0 9.0
9 38 4.0 8.0
9 39 6.0 4.0
10 11 1.0 4.0
10 12 6.0 4.0
10 13 9.0 9.0
10 14 2.0 8.0
10 15 7.0 7.0
10 16 4.0 7.0
10 17 1.0 1.0
10 18 7.0 2.0
10 19 5.0 1.0
10 20 6.0 9.0
10 21 3.0 2.0
10 22 3.0 9.0
10 23 9.0 9.0
10 24 4.0 8.0
10 25 8.0 4.0
10 27 3.0 8.0
10 28 5.0 8.0
10 29 8.0 10.0
10 30 10.0 5.0
10 31 7.0 3.0
10 32 1.0 7.0
10 33 1.0 4.0
10 34 1.0 10.0
10 35 10.0 5.0
10 36 2.0 2.0
10 37 8.0 5.0
10 38 8.0 4.0
10 39 4.0 1.0
11 12 6.0 5.0
11 13 5.0 9.0
11 14 3.0 2.0
11 15 1.0 5.0
11 16 7.0 10.0
11 17 2.0 2.0
11 18 2.0 7.0
11 19 9.0 5.0
11 20 4.0 2.0
11 21 4.0 5.0
11 22 10.0 10.0
11 23 7.0 3.0
11 24 7.0 3.0
11 25 2.0 1.0
11 26 5.0 5.0
11 27 5.0 5.0
11 28 10.0 8.0
11 29 9.0 2.0
11 30 3.0 5.0
11 31 8.0 1.0
11 32 7.0 6.0
11 33 9.0 10.0
11 34 2.0 4.0
11 35 8.0 2.0
11 36 7.0 7.0
11 38 5.0 2.0
11 39 6.0 10.0
12 13 6.0 5.0
12 14 9.0 9.0
12 15 10.0 6.0
12 16 9.0 1.0
12 17 9.0 6.0
12 18 1.0 5.0
12 19 8.0 5.0
12 20 9.0 7.0
12 21 9.0 8.0
12 23 3.0 2.0
12 24 1.0 8.0
12 25 4.0 4.0
12 26 10.0 10.0
12 27 10.0 10.0
12 28 9.0 7.0
12 29 2.0 3.0
12 30 7.0 3.0
12 31 7.0 8.0
12 32 10.0 2.0
12 33 10.0 6.0
12 34 4.0 4.0
12 35 5.0 5.0
12 36 6.0 7.0
12 37 3.0 3.0
12 38 6.0 5.0
12 39 8.0 4.0
13 14 9.0 2.0
13 15 8.0 7.0
13 16 7.0 1.0
13 18 5.0 7.0
13 19 1.0 2.0
13 20 7.0 5.0
13 21 3.0 3.0
13 22 2.0 7.0
13 23 6.0 2.0
13 24 10.0 2.0
13 25 7.0 10.0
13 26 6.0 8.0
13 27 7.0 9.0
13 28 7.0 1.0
13 29 5.0 7.0
13 30 5.0 10.0
13 31 1.0 9.0
13 32 8.0 3.0
13 33 7.0 1.0
13 34 9.0 2.0
13 35 1.0 5.0
13 36 10.0 6.0
13 37 6.0 3.0
13 38 7.0 4.0
13 39 6.0 8.0
14 15 2.0 7.0
14 16 5.0 5.0
14 17 8.0 1.0
14 18 5.0 7.0
14 19 6.0 1.0
14 20 1.0 3.0
14 21 2.0 9.0
14 22 8.0 2.0
14 23 10.0 4.0
14 24 6.0 5.0
14 25 7.0 10.0
14 26 2.0 2.0
14 27 1.0 6.0
14 28 8.0 3.0
14 29 6.0 6.0
14 30 8.0 6.0
14 31 7.0 4.0
14 32 9.0 5.0
14 33 6.0 3.0
14 34 6.0 10.0
14 35 4.0 9.0
14 36 1.0 1.0
14 37 9.0 7.0
14 38 1.0 3.0
14 39 6.0 5.0
15 16 10.0 10.0
15 17 4.0 8.0
15 18 3.0 3.0
15 19 9.0 6.0
15 20 8.0 5.0
15 21 4.0 8.0
15 23 10.0 4.0
15 24 2.0 5.0
15 25 6.0 3.0
15 26 5.0 2.0
15 27 7.0 1.0
15 28 7.0 8.0
15 29 1.0 6.0
15 30 3.0 10.0
15 31 2.0 1.0
15 32 10.0 3.0
15 33 7.0 10.0
15 34 6.0 8.0
15 35 8.0 6.0
15 36 9.0 10.0
15 37 1.0 5.0
15 38 2.0 4.0
15 39 6.0 3.0
16 17 7.0 4.0
16 18 6.0 7.0
16 19 4.0 5.0
16 20 9.0 4.0
16 21 2.0 2.0
16 22 1.0 7.0
16 23 7.0 5.0
16 24 2.0 7.0
16 25 1.0 1.0
16 26 9.0 5.0
16 27 5.0 5.0
16 28 4.0 5.0
16 29 2.0 3.0
16 30 9.0 10.0
16 31 5.0 2.0
16 32 3.0 9.0
16 33 1.0 10.0
16 34 4.0 10.0
16 35 7.0 4.0
16 36 4.0 8.0
16 37 1.0 3.0
16 38 9.0 9.0
17 18 3.0 3.0
17 19 3.0 9.0
17 20 4.0 3.0
17 21 7.0 9.0
17 22 10.0 6.0
17 23 3.0 2.0
17 24 5.0 6.0
17 25 6.0 1.0
17 26 8.0 3.0
17 27 7.0 4.0
17 28 10.0 5.0
17 29 7.0 1.0
17 30 7.0 4.0
17 31 3.0 2.0
17 32 2.0 7.0
17 33 9.0 9.0
17 34 1.0 8.0
17 35 7.0 7.0
17 36 4.0 2.0
17 37 5.0 1.0
17 38 10.0 2.0
17 39 7.0 10.0
18 19 2.0 7.0
18 20 9.0 3.0
18 21 6.0 7.0
18 22 5.0 1.0
18 23 3.0 9.0
18 24 9.0 7.0
18 25 3.0 6.0
18 26 1.0 2.0
18 27 5.0 5.0
18 28 2.0 6.0
18 30 6.0 2.0
18 31 1.0 6.0
18 32 7.0 6.0
18 33 1.0 6.0
18 34 6.0 8.0
18 35 8.0 1.0
18 36 4.0 5.0
18 37 5.0 6.0
18 38 5.0 7.0
18 39 6.0 8.0
19 20 6.0 2.0
19 21 5.0 5.0
19 22 8.0 4.0
19 23 8.0 7.0
19 24 6.0 4.0
19 25 5.0 1.0
19 26 5.0 9.0
19 27 3.0 3.0
19 28 1.0 6.0
19 29 8.0 10.0
19 30 8.0 1.0
19 31 2.0 1.0
19 32 2.0 8.0
19 33 9.0 1.0
19 35 3.0 7.0
19 36 9.0 2.0
19 37 6.0 3.0
19 38 7.0 7.0
19 39 3.0 7.0
20 21 8.0 9.0
20 22 9.0 7.0
20 23 7.0 4.0
20 24 7.0 6.0
20 25 3.0 10.0
20 26 7.0 4.0
20 27 9.0 2.0
20 28 9.0 8.0
20 29 1.0 10.0
20 30 8.0 2.0
20 31 3.0 8.0
20 32 1.0 9.0
20 33 3.0 9.0
20 34 3.0 8.0
20 36 4.0 1.0
20 37 5.0 5.0
20 38 2.0 2.0
20 39 5.0 1.0
21 22 8.0 10.0
21 23 10.0 8.0
21 24 8.0 1.0
21 25 8.0 2.0
21 26 9.0 9.0
21 27 9.0 3.0
21 29 7.0 10.0
21 30 7.0 2.0
21 31 2.0 6.0
21 32 10.0 4.0
21 33 10.0 2.0
21 34 5.0 3.0
21 35 7.0 6.0
21 36 8.0 10.0
21 37 1.0 3.0
21 38 10.0 6.0
21 39 7.0 4.0
22 23 1.0 8.0
22 24 9.0 10.0
22 25 6.0 10.0
22 26 6.0 7.0
22 27 5.0 8.0
22 28 9.0 9.0
22 29 5.0 9.0
22 30 1.0 3.0
22 31 7.0 9.0
22 32 10.0 7.0
22 33 7.0 3.0
22 34 3.0 1.0
22 35 5.0 7.0
22 36 10.0 6.0
22 38 4.0 7.0
22 39 4.0 5.0
23 24 10.0 10.0
23 25 3.0 8.0
23 26 3.0 5.0
23 27 3.0 6.0
23 28 2.0 1.0
23 29 9.0 3.0
23 30 7.0 5.0
23 31 9.0 8.0
23 32 3.0 8.0
23 33 9.0 4.0
23 34 7.0 3.0
23 35 2.0 10.0
23 36 6.0 9.0
23 37 5.0 8.0
23 38 4.0 8.0
23 39 4.0 3.0
24 25 7.0 4.0
24 27 8.0 6.0
24 28 7.0 7.0
24 29 6.0 7.0
24 30 7.0 3.0
24 31 4.0 4.0
24 32 2.0 9.0
24 33 4.0 3.0
24 34 9.0 2.0
24 35 8.0 8.0
24 36 7.0 1.0
24 37 2.0 5.0
24 38 10.0 4.0
24 39 4.0 10.0
25 26 2.0 7.0
25 27 5.0 4.0
25 28 5.0 1.0
25 29 4.0 7.0
25 30 10.0 4.0
25 31 7.0 7.0
25 32 2.0 6.0
25 33 1.0 7.0
25 34 5.0 1.0
25 35 3.0 10.0
25 36 5.0 2.0
25 37 9.0 5.0
25 38 10.0 4.0
26 27 7.0 10.0
26 28 8.0 4.0
26 29 5.0 1.0
26 30 5.0 2.0
26 31 1.0 9.0
26 32 8.0 5.0
26 34 1.0 7.0
26 35 9.0 6.0
26 36 8.0 8.0
26 37 4.0 6.0
26 38 7.0 5.0
26 39 8.0 4.0
27 28 5.0 5.0
27 29 8.0 9.0
27 30 10.0 7.0
27 31 2.0 1.0
27 32 4.0 3.0
27 33 10.0 6.0
27 34 4.0 2.0
27 35 4.0 10.0
27 36 8.0 8.0
27 37 8.0 3.0
27 39 4.0 5.0
28 29 3.0 1.0
28 30 1.0 8.0
28 31 7.0 4.0
28 32 5.0 7.0
28 33 7.0 6.0
28 34 2.0 3.0
28 35 6.0 1.0
28 37 3.0 6.0
28 38 5.0 8.0
28 39 9.0 9.0
29 30 1.0 9.0
29 31 1.0 9.0
29 32 5.0 2.0
29 33 8.0 6.0
29 34 10.0 3.0
29 35 9.0 6.0
29 36 4.0 8.0
29 37 4.0 8.0
29 38 3.0 10.0
29 39 8.0 2.0
30 31 5.0 6.0
30 32 9.0 3.0
30 33 10.0 1.0
30 35 3.0 4.0
30 36 4.0 7.0
30 37 8.0 8.0
30 38 1.0 4.0
30 39 5.0 1.0
31 32 10.0 2.0
31 33 6.0 7.0
31 34 5.0 5.0
31 35 4.0 9.0
31 36 9.0 5.0
31 37 10.0 10.0
31 38 4.0 5.0
31 39 7.0 1.0
32 34 4.0 5.0
32 35 8.0 8.0
32 36 6.0 4.0
32 37 10.0 1.0
32 38 7.0 9.0
32 39 5.0 6.0
33 34 4.0 2.0
33 35 8.0 8.0
33 36 2.0 8.0
33 37 8.0 1.0
33 38 1.0 6.0
33 39 8.0 1.0
34 35 10.0 2.0
34 36 2.0 5.0
34 37 6.0 5.0
34 38 6.0 9.0
34 39 4.0 4.0
35 36 10.0 5.0
35 37 5.0 4.0
35 38 9.0 9.0
35 39 3.0 2.0
36 37 5.0 9.0
36 38 6.0 7.0
36 39 1.0 9.0
37 39 1.0 7.0
38 39 7.0 5.0