44
0 5 10.0 7.0
0 7 1.0 1.0
0 9 6.0 5.0
0 11 9.0 5.0
0 12 7.0 4.0
0 16 2.0 4.0
1 10 2.0 6.0
1 15 4.0 5.0
2 3 8.0 1.0
3 5 10.0 3.0
3 9 5.0 6.0
3 14 1.0 1.0
3 18 1.0 2.0
4 11 9.0 1.0
4 13 6.0 10.0
5 8 4.0 4.0
5 14 6.0 4.0
5 15 2.0 5.0
5 18 5.0 6.0
6 7 2.0 7.0
6 9 2.0 4.0
6 13 5.0 4.0
6 17 8.0 9.0
6 18 1.0 3.0
6 19 2.0 1.0
7 9 1.0 9.0
7 16 5.0 4.0
7 18 4.0 7.0
8 12 8.0 4.0
8 13 2.0 5.0
8 15 6.0 2.0
9 10 2.0 1.0
9 14 10.0 6.0
9 15 7.0 10.0
11 15 3.0 8.0
12 13 7.0 3.0
12 17 1.0 8.0
13 14 6.0 8.0
13 16 9.0 1.0
13 18 7.0 7.0
14 19 7.0 8.0
17 18 3.0 7.0
17 19 9.0 5.0
18 19 4.0 9.0